
state={
	id=273
	name="STATE_273"

	history={
		owner = ALG
		buildings = {
			infrastructure = 0

		}
		add_core_of = ALG

	}

	provinces={
		1057 1060 1140 1994 4191 5004 7985 9977 10104 10754 10785 10884 11951 12022 12082 12866 13639 13640 13641 13642 13643 13644 13645 13646 13647 13648 13650 13655 13677 13678 13679 13680 13681 13682 13683 13684 13685 13686 13687 13688 13689 13690 13691 13692 13693 13694 13695 13696 13697 13698 13699 13700 13701 13702 13703 13704 13705 13706 13707 13708 13709 13710 13711 13712 13713 13714 13715 13717 13718 13720 13721 13722 
	}
	manpower=42633
	buildings_max_level_factor=1.000
	state_category=wasteland
	local_supplies=0.000
}
