
state={
	id=514
	name="STATE_514"

	history={
		owner = ALG
		add_core_of = ALG
		buildings = {
			infrastructure = 0

		}

	}

	provinces={
		1043 1095 1901 1958 2049 4903 5095 7041 8061 8088 10731 10749 12711 12842 12849 13728 13729 13730 13731 13732 13733 13734 13735 13736 13737 13738 13739 13740 13741 13742 13743 13744 13745 13746 13747 13748 13749 13750 13751 13752 13753 13754 13755 13756 13757 13758 13759 13760 13761 13762 13763 13764 13765 13766 13767 13768 13769 13770 13771 13772 13773 13774 13775 13776 13777 13778 13779 13780 13781 13782 13783 13784 13785 13786 13787 13788 13789 13790 13791 13792 13793 13794 13795 13796 13797 13798 13799 
	}
	manpower=207733
	buildings_max_level_factor=1.000
	state_category=wasteland
	local_supplies=0.000
}
